3664201611244
4635201611214
3186201611234
5491201611214
6467201611154
3211201611244
5859201611224
4920201611184
6651201611234
4414201611194
6843201611224
6842201611194
6711201611194
5317201611224
307201611183
6691201611234
5526201611174
4730201611244
6673201611174
6665201611214
5866201610194
5692201610174
6817201610194
6821201610194
3115201610194
6697201610194
4036201610204
6820201610194
3418201610194
628201610203
6824201610204
2072201610194
6814201610174
6478201610194
4010201610194
1916201610204
6816201610184
6819201610194
5643201610174
6818201610194
6282201610154
6367201610134
2952201610164
6212201610144
3514201610164
6411201610164
6813201610154
3067201610144
6192201610134
6811201610144
5993201610144
6229201610154
6413201610144
5813201610144
6203201610164
5816201610144
3645201610154
6812201610154
6361201610164
6551201610144
664520161254
348020161264
680920161254
638720161264
582520161254
667020161254
3442201612104
681020161254
669620161264
681520161294
685220161294
586720161254
685320161294
670520161264
667220161294
680820161254
685120161264
384720161284
305320161254
623720161294
780201612123
6854201612104
6855201612104
6440201612114
6714201611244
4233201612144
6704201612114
4257201611244
4402201612114
6856201612114
6362201612134
3439201612144
6028201612114
5870201612124
4137201612144
6571201612124
4980201612114
3056201612114
3483201612144
3337201612114
6254201612144
6861201612164
6502201612154
6274201612144
6725201612144
6858201612144
6402201612184
6862201612174
6857201612144
6859201612144
6833201612184
6860201612144
6598201612144
3127201612144
3766201612144
2909201612144
6348201612144
2647201612144
1610201612164
6716201612144
301420161114
683120161154
679920161124
4585201610304
683220161154
670320161164
679120161164
349820161114
682820161134
456720161124
658720161174
4205201610304
573320161164
399220161144
588120161164
577120161144
683020161144
670620161144
652920161154
217320161164
6798201611154
683520161194
664320161194
672920161194
3890201611104
6840201611154
607420161194
2314201611154
3643201611104
4254201611244
496320161184
594720161194
635820161194
328820161194
683720161194
6537201611144
6684201611144
683820161194
1290201611154
683420161184
331520161214
355520161214
6846201611304
359320161224
1821201611304
42520161213
684920161234
350520161214
504920161234
685020161234
406420161234
684720161234
557520161234
6800201611304
410120161224
490920161224
495220161224
543720161214
366720161224
4081201611304
6823201610204
2743201610244
6639201610274
3722201610274
6563201610214
4140201610244
5938201610274
3519201610294
6826201610274
6789201610304
6150201610294
613201610273
6822201610204
5967201610244
6825201610244
4637201610304
4485201610244
6335201610294
5464201610214
6686201610264
6331201611294
6649201611284
6784201611264
6556201611264
4430201611294
6553201611244
6660201611254
5270201611294
2950201611254
6198201611304
3075201611264
4729201611264
6709201611284
6102201611244
6234201611304
6744201611284
6782201611264
6249201611274
6763201611284
6844201611244
5869201612234
6730201612194
6247201612244
6219201612184
6836201612194
6045201612194
2382201612184
6554201612214
5775201612234
6053201612234
3171201612234
4688201612234
3949201612184
3551201612214
2422201612194
6597201612214
6690201612194
5925201612214
6083201612194
5799201612184
36022017164
49282017134
62682017144
67722017154
62882017114
6865201611244
59982017114
68662017184
67432017184
67882017154
66952017184
32122017164
38222017164
36382017114
59502017164
51622017164
65132017184
35242017114
68672017184
49002017134
50902017184
620420171124
59562017194
62162017184
639520171124
63902017194
101020171124
656620171124
56852017184
21292017194
676820171124
56102017194
56962017194
68682017194
61042017194
569520171104
388420171104
684120171104
687020171134
547320171104
2698201612264
4295201612264
2689201612304
6570201612274
3099201612244
2574201612274
5453201612274
68272017114
3810201612244
6628201612304
4804201612274
6863201612244
6453201612244
65892017114
6481201612304
6433201612304
6771201612304
1683201612244
6503201612274
6647201612244
659220171154
579820171164
667120171184
171720171154
319220171164
652320171154
668820171184
678320171184
267420171184
684520171184
553920171184
510920171134
370820171164
335920171174
354220171164
660120171134
438020171154
675120171164
414120171164
686920171134
6120054152
6720054152
6620054152
6220054152
6920054152
7020054152
6320054152
5720054152
6820054152
7320054152
2920054152
4520054152
1420054152
520054151
7420054152
8320054152
9020054152
3620054152
2720054152
1120054152
1520054152
3020054152
4620054152
8820054152
8420054152
7220054152
2820054152
8620054152
8920054152
16320055133
16420055133
15620055103
1292005523
16620055143
1442005543
1342005523
16820055143
1312005523
16720055143
1322005523
1542005583
1282005523
1262005523
1332005523
1302005523
1552005593
1272005523
16520055143
1352005523
1402005523
12420054303
11520054233
1372005523
11920054243
9820054152
1422005523
7820054152
9220054152
1392005523
1362005523
2120054152
1382005523
1412005523
9620054152
12320054293
12020054263
11420054233
1432005523
9320054152
20320055293
17220055163
20420055303
18420055183
18720055233
17720055173
20520055303
18520055183
20020055273
19820055273
19920055273
19620055263
16920055153
19720055263
19120055253
19020055253
20120055273
18320055183
17120055163
18920055233
22920056223
2372005743
22720056223
2212005693
2112005623
2162005673
22820056223
2392005743
2082005623
2102005623
23520056303
22420056153
23220056273
2172005673
23420056303
2382005743
20720055313
2202005693
22320056153
2092005623
24720057243
28320059163
2572005963
28920059173
27520059143
2412005783
2502005823
28720059173
28820059173
27720059143
27220059143
24320057113
2512005843
24820057263
29020059183
28120059153
26320059123
26220059113
24220057113
29120059183
30420059213
31520059233
33120059263
33220059263
31920059233
32720059253
29820059203
29920059203
33320059263
30220059213
32820059253
32420059243
30820059213
31320059223
29620059203
29420059203
30520059213
32520059253
32620059253
31020059223
34220059273
35520059283
36320059283
37120059293
34920059273
34520059273
33620059273
35020059273
35120059283
33520059273
34120059273
34420059273
33020059263
33820059273
34620059273
36720059293
33420059273
36120059283
35320059283
36620059293
39720051023
40120051033
37620059303
40420051033
38320051013
39420051023
37920059303
36520059293
38820051013
40520051033
38420051013
38120051013
39320051023
38720051013
39220051023
39620051023
37520059303
37820059303
38220051013
36420059293
511200510153
525200510183
526200510183
527200510183
494200510133
493200510133
514200510163
517200510163
496200510133
509200510153
498200510143
510200510153
504200510143
519200510173
481200510123
477200510123
507200510153
479201611243
506200510153
528200510183
44020051083
41920051063
40020051033
41420051053
41020051043
42620051073
40720051043
42320051073
43420051083
42120051063
42920051083
43820051083
41220051053
41620051053
43520051083
42220051063
45720051093
42820051073
41720051053
43120051083
45020051093
461200510103
466200510103
468200510103
44320051093
44620051093
463200510103
45420051093
462200510103
471200510113
476200510113
475200510113
467200510103
45320051093
470200510113
44720051093
469200510103
483200510123
44220051093
44120051093
571200510213
591200510223
595200510233
582200510213
560200510203
570200510213
572200510213
577200510213
578200510213
559200510203
590200510223
596200510233
558200510203
584200510223
589200510223
593200510223
579200510213
573200510213
575200510213
580200510213
522200510183
549200510193
552200510193
534200510183
537200510183
536200510183
551200510193
541200510193
535200510183
531200510183
553200510193
547200510193
550200510193
555200510193
567200510203
523200510183
538200510183
568200510203
566200510203
569200510203
666200510283
653200510273
647200510273
663200510283
668200510283
671200510283
641200510273
631200510263
633200510263
646200510273
652200510273
649200510273
654200510273
685200510293
643200510273
645200510273
644200510273
684200510293
661200510273
648200510273
76420051183
76520051183
73520051153
73620051153
74920051173
76720051183
74220051163
72220051133
74120051163
74320051163
71820051133
75420051173
72020051133
73120051143
74420051163
75620051173
73020051143
72120051133
73220051143
73720051153
607200510243
608200510243
637200510263
601200510233
604200510243
622200510253
634200510263
636200510263
640200510263
603200510233
621200510253
606200510243
610200510243
615200510243
609200510243
617200510253
616200510253
619200510253
639200510263
602200510233
75920051183
76020051183
77320051193
783200511103
784200511103
77420051193
785200511103
793200511103
76320051183
77520051193
796200511103
77120051193
781200511103
782200511103
794200511103
795200511103
77820051193
77220051193
76920051193
797200511103
692200510303
72620051133
71620051123
681200510293
703200510313
695200510313
696200510313
700200510313
72820051133
704200510313
72420051133
698200510313
70720051113
71720051123
683200510293
70620051113
70920051113
72920051133
689200510303
687200510303
846200511163
847200511163
853200511173
828200511143
829200511143
848200511173
851200511173
850200511173
825200511133
830200511143
845200511163
839200511153
842200511153
827200511133
831200511143
840200511153
844200511163
833200511143
849200511173
843200511163
814200511123
813200511123
810200511123
819200511133
789200511103
817200511123
821200511133
799200511113
806200511123
808200511123
812200511123
818200511123
809200511123
801200511113
807200511123
788200511103
792200511103
811200511123
820200511133
822200511133
864200511193
888200511213
872200511193
876200511203
857200511183
860200511183
865200511193
875200511203
878200511203
884200511203
863200511183
870200511193
856200511183
879200511203
855200511183
859200511183
874200511193
887200511213
880200511203
862200511183
917200511243
918200511243
885200511213
893200511223
896200511223
898200511223
890200511213
894200511223
886200511213
905200511233
899200511223
900200511223
902200511233
907200511233
911200511233
909200511233
891200511213
910200511233
906200511233
912200511233
915200511243
931200511273
933200511273
953200511303
916200511243
930200511263
934200511273
927200511253
929200511263
940200511283
937200511283
942200511283
938200511283
924200511253
944200511293
928200511263
943200511293
947200511293
939200511283
914200511243
97220051233
98220051253
98820051263
99120051263
97320051233
98320051253
95920051223
96020051223
97420051233
97920051253
95620051213
951200511303
96420051223
99220051263
97020051233
96520051223
97120051233
95820051213
96120051223
950200511303
99320051273
99420051273
100020051274
1016200512124
1019200512124
99820051273
100120051284
99520051273
100520051294
1017200512124
1009200512104
1012200512104
99720051273
100320051294
1018200512124
99620051273
100620051294
100720051294
98720051263
100420051294
1049200512204
1051200512204
1044200512184
1028200512144
1026200512144
1022200512134
1014200512124
1052200512214
1056200512214
1058200512214
1042200512184
1015200512124
1025200512144
1021200512134
1034200512164
1036200512164
1027200512144
1041200512184
1024200512144
1037200512164
1071200512264
1065200512234
1089200512294
1072200512264
1068200512244
1063200512234
1067200512244
1090200512304
1092200512304
1078200512274
1085200512284
1062200512234
1073200512264
1098200512314
1086200512284
1099200512314
1083200512284
1097200512314
1079200512274
1069200512244
11402006174
11412006174
11332006164
11422006174
11282006164
11212006154
118220061174
116320061134
114920061104
118120061174
118020061174
11292006164
11452006194
11272006164
116620061134
11202006154
11312006164
119020061184
11432006184
115820061124
11042006114
11112006144
11002006114
11102006124
1095200512314
1093200512314
11242006154
11172006144
11232006154
11142006144
11062006124
11092006124
11152006144
11072006124
11162006144
1094200512314
11032006114
11012006114
11222006154
11182006144
123020061314
121420061254
118720061184
123120061314
12272006214
121720061264
79820061273
121620061264
121820061264
123620061314
118820061184
12282006214
121220061234
122920061304
123320061314
122220061274
118920061184
121320061234
118620061184
123220061314
130020062164
12772006294
131120062174
12742006294
132020062174
131920062164
12762006294
130220062164
131020062164
131220062164
130120062164
129520062134
132120062174
12782006294
129820062144
126520062174
132520062174
132220062174
129720062144
128120062104
12462006224
12252006214
12682006274
12632006264
12402006214
12492006234
12502006234
12262006214
12442006224
12702006284
12512006234
12622006264
12422006224
10872006224
12592006264
12242006214
12602006264
12482006234
12572006264
12522006234
133820062204
132920062194
133420062204
133920062214
133220062194
133520062204
134220062214
134720062224
132820062194
134520062224
133020062194
134320062214
124520062234
133720062204
134420062234
132720062204
134820062224
39920062193
66020062223
134120062214
149420063224
151220063264
150720063264
150020063234
150620063254
149320063224
149120063224
151720063284
149520063224
151320063274
150220063244
151620063274
82320063293
151020063264
150820063264
51520063273
151920063284
150420063254
151120063264
150520063254
136620062274
136020062244
136820062284
135020062234
135620062244
134920062234
135720062244
13862006324
13762006314
13772006314
136320062264
135920062244
13852006324
13882006324
13732006314
13742006314
136920062284
13872006324
137120062284
126720062274
13932006334
13942006344
14052006374
13892006334
14102006374
14062006374
14072006374
13832006324
14042006374
14002006364
14152006384
13952006344
14022006374
13822006324
13912006334
13992006364
14092006374
13792006324
5082006333
14082006374
153420063304
15502006424
15392006414
15422006414
152420063294
153220063304
153020063304
152920063304
152520063294
152620063294
15402006414
152820063304
15412006414
153820063314
152220063294
8952006423
15512006424
15522006424
137520063304
152720063294
142220063104
14122006384
14192006394
144120063154
142320063104
14212006394
143820063144
143020063114
14112006384
145020063154
145620063164
202006392
145220063154
14172006394
144020063144
14182006394
143320063134
14142006384
145520063164
143620063134
15582006434
15772006464
15462006424
15732006454
15372006444
15792006464
15552006434
15562006434
10802006444
15532006444
15592006434
15572006434
15762006464
15362006444
15782006464
15722006454
15702006454
15632006444
15642006444
15542006434
149020063214
148120063204
51820063223
148520063204
148320063204
145720063174
146120063174
81520063223
145820063174
146620063184
145920063214
148820063214
146320063174
146520063184
146420063174
146020063174
148020063204
147520063194
147820063194
147920063194
112620064194
164320064194
163120064184
163820064194
165720064224
163520064194
164920064214
162820064184
163920064194
164120064194
162620064184
162020064204
164520064204
162920064184
163620064194
164020064194
165020064214
163720064194
163320064184
43720064213
160920064144
15852006474
160620064134
15892006494
162520064174
159920064124
160420064134
159220064104
15862006484
15802006474
161520064144
15822006474
162320064174
161320064144
159020064114
15682006474
161720064154
159720064114
162420064174
161820064154
169220064284
168920064284
167420064254
166420064244
166820064244
166920064254
166520064244
166720064244
165620064224
169620064294
167520064264
169020064284
168820064284
16932006514
167120064254
168020064274
167920064274
169120064284
167720064264
167820064264
176620065144
175920065124
17362006594
176720065144
175520065124
175620065124
176420065134
175420065124
175020065114
126920065104
174820065104
174320065104
178020065164
175120065114
176220065134
174120065104
174920065104
175820065124
10642006584
178120065164
17322006574
17292006564
17132006534
17182006534
17342006574
17112006524
17262006564
17312006574
17012006514
17252006544
17042006514
17162006534
17122006524
17232006544
17002006514
17082006524
17092006524
17202006534
17272006554
17352006574
181620065254
182720065284
182220065274
180720065244
181020065244
179620065214
183420065314
183520065314
87720065273
182920065284
181520065254
180320065224
182820065284
181820065254
181720065254
182320065274
181920065264
180420065234
180620065234
182020065274
180220065214
179520065204
176920065164
178420065174
178920065194
180120065214
177020065164
180020065214
178520065174
179920065214
83520065213
177120065164
179320065204
178820065194
178620065174
177920065164
179420065204
178320065174
179120065204
178220065174
18572006654
18402006614
18472006624
18682006674
18702006674
183320065314
18672006674
18422006614
18562006654
18512006634
18542006644
18592006654
18412006614
18522006634
18692006674
18532006644
18362006614
18382006614
18372006614
18582006654
189820066164
189920066164
18742006684
188520066134
189620066154
96920066203
190520066204
189320066144
18772006694
188920066144
189120066144
188020066114
18712006684
190720066204
190420066214
190220066184
189520066154
188320066124
18722006684
18662006674
192220066244
193520066294
192620066264
19462006714
191120066214
194020066304
192920066274
19482006714
192020066244
191320066284
191020066214
193620066294
19502006714
193120066284
193320066284
192420066254
19472006714
191220066224
194220066304
19492006714
200220067154
200320067154
200520067174
199320067124
200120067144
90420067153
199620067134
200420067164
199520067134
198720067124
198920067124
199720067134
200620067174
199120067124
199920067144
200720067174
200820067174
199020067124
199220067124
201220067184
19692006764
19742006784
19652006754
19512006724
19612006744
19622006744
19602006734
19782006794
13582006764
19672006764
19592006734
19452006714
198420067104
198520067114
6912006723
19702006774
198320067104
19732006774
19792006794
19442006714
208120068144
20612006844
207420068114
207820068134
20572006834
20692006884
20512006824
20642006854
19522006834
20532006824
207320068114
20712006894
20562006834
208420068164
20662006854
208020068134
20622006844
20672006854
20652006854
20482006824
201520067204
20472006814
203620067284
202720067254
201720067204
204120067304
203120067264
20442006814
202520067244
202920067264
202320067234
20452006814
179020067254
204020067304
203320067274
203020067264
201820067214
201620067204
201120067184
20432006814
210320068224
210620068234
210020068214
209120068184
208620068174
210420068224
211520068284
211120068254
210220068224
209220068184
209720068194
208720068174
209020068174
211020068254
211220068264
209320068184
210720068234
209820068204
208520068174
210820068234
213320069104
212020068314
21312006944
213820069124
213420069104
215720069194
213620069114
215220069184
21322006954
213920069124
215520069184
214620069154
211820068304
213720069124
214320069144
214020069124
211420068284
215820069194
21282006934
214120069134
218020061054
216020069214
216220069254
218320061074
216920069284
217120069304
2191200610124
218120061054
217920061054
217220069304
216120069214
2188200610104
216720069284
218520061094
218420061074
216320069224
2189200610114
215620069194
217020069304
2187200610104
2261200611154
2254200611124
223620061134
2230200610314
2228200610314
2255200611124
2251200611104
224420061174
2253200611104
223820061134
224020061144
223220061114
2226200610314
2229200610314
223320061114
225020061194
2227200610314
224220061164
224520061174
224920061194
2224200610304
2219200610274
2223200610284
2193200610134
2218200610264
2212200610244
2190200610124
2231200610314
2215200610254
2221200610284
2199200610164
2206200610214
2205200610214
2192200610134
2198200610234
2209200610234
2217200610264
2077200610234
2201200610174
2196200610144
229320061214
230820061284
2322200612134
230420061254
2318200612114
230520061254
230020061244
2313200612114
2324200612144
2325200612144
2329200612154
229420061214
229720061214
2327200612154
2328200612154
231020061284
229520061214
230320061254
229820061224
230620061264
2280200611264
2263200611164
2260200611154
2284200611284
2287200611284
2275200611224
2269200611194
2259200611154
2265200611204
2289200611294
2281200611264
2285200611284
2288200611294
2290200611294
2267200611174
2271200611194
2258200611154
2282200611274
2277200611244
2273200611214
23752007164
2340200612194
2341200612194
2351200612254
2356200612294
23682007154
2330200612164
2346200612204
23652007114
1476200612314
2332200612164
1988200612294
2353200612274
2354200612274
23792007154
18762007124
23762007154
2331200612164
2338200612184
23812007154
243520072104
241420072104
245020072234
24312007264
24202007214
243920072144
245520072274
24302007254
24262007224
244020072144
24332007294
243720072124
24612007344
244120072144
245420072254
24182007254
244320072164
24252007224
244220072144
24132007264
238420071114
240120071244
240920071244
239620071164
240320071194
239220071154
241920071314
238920071124
240820071254
239420071174
241220071264
238520071114
239520071164
239320071154
240420071234
241020071264
240720071244
240620071234
240220071204
241620071314
247620073124
24622007354
249520073194
248720073164
24682007384
248220073144
246920073104
247720073124
248020073134
247520073124
248120073144
24672007384
24642007374
247220073104
249920073214
249220073184
248620073154
247320073124
24662007384
248820073164
25852007514
254820074114
256020074164
255820074154
256120074164
258620074304
254220074134
255320074124
255620074164
255420074134
253920074134
257320074234
256620074174
256420074174
254020074134
255920074164
258720074304
254720074114
258120074274
257620074244
250520073254
25302007464
25432007494
25192007424
25322007464
25412007494
250320073244
25332007464
25342007464
250120073234
248420073304
251420073304
25272007454
250420073244
251020073284
251520073304
249820073214
25252007434
251120073284
251620073304
275120078304
272720078114
272920078114
272820078114
277320079144
276920079244
277020079114
272620078104
27642007974
27652007974
27192007874
274820078294
274720078294
278720079254
272520078104
27612007924
273820078224
277620079164
275420078314
274520078304
260320075154
260720075174
26262007614
25892007524
259920075114
262020075274
259420075104
261920075264
261120075214
259320075104
25882007624
259220075104
261320075214
261420075224
26292007624
260420075164
260020075134
261820075264
261220075214
261520075234
265020076164
26312007644
26362007664
26402007684
26322007644
26662007734
26392007684
266120076304
26412007684
266220076304
264420076144
265520076244
265420076214
26712007764
26342007664
265820076304
26332007664
26722007764
26672007734
26702007764
2813200710234
2801200710134
278520079274
278920071014
2825200710304
2819200710264
278420079274
2811200710234
2805200710174
2804200710174
278320079274
279420071054
2824200710304
278620079274
278220079274
279520071054
2826200710314
2814200710254
279620071054
2808200710194
270320077314
268120077124
27112007824
27202007874
270020077294
268420077164
27062007814
267820077104
269520077264
270120077294
269220077234
269720077274
267720077104
269620077264
27132007824
270220077294
269920077274
269320077244
267620077104
27182007864
285120071194
2860200711144
283620071164
283720071164
285220071194
2862200711154
2865200711164
2864200711154
285320071194
284620071174
283420071154
283520071154
284720071174
2870200711194
2858200711134
284920071174
2859200711134
285020071194
284320071164
283220071134
2889200711264
2887200711264
1971200711224
2891200711274
1976200711224
1434200711224
1878200711224
2888200711274
2892200711274
2879200711234
2883200711264
2771200711224
1808200711224
2827200711224
2880200711234
2345200711224
2882200711264
2872200711204
2881200711244
2886200711264
2897200711294
2924200712264
29352008124
291320071264
294320081104
290120071214
2921200712264
2890200711274
2929200712264
2915200712264
2918200712264
2923200712264
289920071214
2930200712264
290520071224
294120081104
2894200711284
290720071254
294020081104
2919200712264
301820082254
305420083244
300820082174
299920082144
300620082174
300420082154
304720083174
30292008324
304520083174
29922008284
300220082154
305520083244
301620082254
30312008334
30322008354
301720082254
303720083124
300320082154
30362008374
302220082264
319620086134
317020085314
316820085314
32322008734
314420085184
320720086194
31792008644
316520085314
315820085284
315720085264
32222008714
316620085314
320220086164
313320085134
315620085264
321720086254
315520085264
320820086194
314820085204
320120086164
295520081184
29842008224
29852008224
294420081124
294620081124
29822008214
296120081224
296020081224
295820081194
297520081304
294820081124
294920081124
297120081294
296420081264
297220081294
296920081284
296320081234
29802008214
297720081304
296520081264
309820084184
30772008444
30782008444
310520084254
31182008524
310220084224
313020085124
310120084234
30812008454
31222008554
310320084234
31192008524
30852008494
309520084174
30762008434
310920084274
30732008424
310420084244
311020084274
306420083294
326520087204
324620087104
326820087224
32312008734
326220087164
32442008794
327620087294
326020087164
327020087234
299420087224
173720087304
327220087244
326320087304
324720087104
32412008784
327120087244
326620087224
326120087304
324820087104
327520087294
328020087314
239820088204
40620088123
24562008864
329120088154
328720088124
28122008854
329420088224
330220088294
169820088204
328520088104
329820088274
327920087304
327820087304
20142008854
32582008884
23612008854
32832008854
329920088274
31952008814
33052008914
33102008964
301520089104
126620089194
331720089114
332620089214
325920089134
333120089234
332020089124
331920089124
304320089134
33132008974
332820089234
332220089164
33042008914
263520089244
33032008914
331820089234
328620089234
332920089234
320420081094
3351200810134
333920081014
333620089304
241120081034
332120089284
3250200810164
3366200810234
333320089244
300720089254
3352200810134
334820081094
3159200810194
3367200810244
2149200810114
333220089244
247820081024
334220081074
3350200810224
334420081074
981200811133
3380200811154
3093200811254
3364200811224
337220081114
3387200811254
267200811273
3383200811194
251220081144
337320081114
337420081154
3114200811164
3376200811104
306920081164
3307200811284
3384200811204
337520081194
3379200811144
3368200810284
2083200811194
340020091154
3395200812284
144820091124
2722201611244
309620081214
3245200812154
313720091104
340820091294
340620091294
224820091294
2391200811304
340120091174
27522009264
340520091274
3393200812224
30942009234
340220091174
281620081294
3389200811284
340320091184
342220092144
341620092124
34112009264
342620092184
344020093114
342020092124
34122009264
34142009284
305220092264
343120092194
341020092144
315120092234
335520092134
31322009294
341720092104
342120092144
342520092144
31122009264
250220092164
342420092144
347220094144
344520093184
344420093184
212520093174
344920093304
344620093224
34572009414
347120094144
345020093304
345320093314
343020093284
344720093284
34582009414
347320094144
34612009424
344120093124
247420093154
34592009414
32572009494
34692009494
350920095184
350020095154
34922009564
34942009564
34852009534
351020095184
347720094164
351220095194
264620094224
347820094174
286120094194
34862009544
349720095154
34882009544
348220094214
319820095214
34932009564
30602009534
347620094164
351320095214
35432009724
333820097304
313520097214
354920097124
35412009714
355220097144
35472009774
304620096294
28672009864
353920096294
355620097184
353620097154
34042009774
356120097284
314220097294
312520097264
35442009724
355920097224
35602009844
355320097144
357320099174
356520098224
356720098254
192320098204
28332009924
356620098244
357120099164
301920098154
356320098134
295320098124
309020098124
35692009964
356820098274
171420099154
343820098184
357220099174
299620098314
321020099154
323920098194
316020098134
347520096144
351620095214
353520096244
30592009664
35232009664
350120095224
353320096184
353020096154
35262009674
352720096104
265220096244
353420096224
287520096114
353220096164
347920096264
353720096264
351820095294
335620096124
301120096184
349520096174
3161200910224
3429200911204
358920091184
318720091084
349120091024
3598200911204
3599200911204
3576200910224
358220091034
317720091124
1616200910264
358820091134
3030200910194
3596200911184
3594200911174
357820099214
357720099194
358020099234
2147200911114
358320091084
3605200911304
3546200911304
361920101294
23152010174
3608200912124
3612200912284
3100200911224
2679200911224
304420101154
36142010164
361120101174
36242010244
3603200911304
322720101124
307920091284
2945200912284
2420091212
334620101134
310720101204
2124200912284
207020102224
295120102204
331620102164
363520102124
364420102194
364720102194
205220102194
26642010274
96820102163
36292010274
36232010244
326720102164
365020102204
303320102194
135320102164
36272010254
363120102244
365220102244
342320102124
328220102194
36582010344
37042010394
36952010364
362220102254
366520102284
36692010324
22102010374
37052010394
36972010374
365520102264
36832010344
36342010314
34662010344
366120102274
37002010384
366620102284
36682010324
365620102264
344320102254
23632010394
37942010414
376920103274
377020103284
356220103314
37892010414
38072010464
378220103314
37992010434
37862010414
376120103254
377120103284
375720103254
376420103254
188720104104
37972010414
339920103304
344820103274
378420103314
38032010454
37872010414
143720105184
38762010674
355020105234
388720106124
388320106124
388620106124
385920105214
370720104124
38342010534
383120104304
388120106104
38352010534
381920104124
38772010674
215320104284
385320105214
384820105184
37422010674
38792010674
383920105124
350320103184
37112010394
372820103164
37092010394
374720103174
367420103154
372420103154
37012010394
266520103244
376520103254
375520103224
373320103164
374020103164
373420103164
374920103174
373820103164
104520103204
375120103174
372120103144
374520103174
31542010714
302320106204
383620106274
392720107114
260520106154
386320106184
369420106164
34072010754
390020106224
322020106274
389120106164
389420106194
28222010764
390220106274
390520106274
392420107114
39142010774
29812010774
389820106224
39212010774
392320107154
378520107144
36842010874
39512010874
395420108104
394120107274
393920107244
187520107264
36482010874
219420108154
393820107224
396020108154
33572010864
36852010864
393220107114
394020107244
393320107124
393520107164
373020107144
394220107274
396320108194
221420108264
397120108274
397520108314
39842010964
396620108224
39862010964
39882010964
396220108184
397320108274
397720108314
348720108294
292620108244
33432010994
39852010964
13982010924
362520108294
39812010964
39822010964
10520108163
305020109154
393120109134
39902010994
400820109224
400120109174
400520109194
399820109164
400420109184
399320109104
41320109253
400920109234
346720109184
341920109284
397020109274
401220109274
322320109134
226620109254
196320109154
400320109184
400020109174
405020101154
3621201010294
404820101124
4045201010294
4041201010264
1906201010314
1855201010264
4044201010274
2390201010224
2301201010264
1873201010234
4043201010274
3907201010244
3226201010264
4037201010264
2739201010264
3772201010314
246020101154
1220201010304
2763201010244
4027201010104
401420109294
3885201010204
401820101034
3903201010104
4028201010114
3918201010204
231720101034
3777201010144
402120101044
3946201010204
4029201010154
3793201010114
192520101034
2595201010204
75201010152
3726201010104
3732201010104
401520101024
2721201010214
4092201011304
4088201011274
4086201011274
4074201011244
3065201011294
4072201011224
3995201011304
4076201011254
4090201011284
4073201011244
213520101214
230201011163
4075201011244
4077201011264
4069201011174
409320101214
3791201011274
409720101214
3506201011214
2694201011154
3686201011144
2447201011114
4066201011154
252420101164
397620101194
291420101174
405720101194
405220101164
2596201011154
4061201011134
4058201011104
871201011113
405420101174
405620101184
2256201011114
4065201011154
1632201011104
405320101164
405520101184
133320101184
387020101254
410620101284
1763201012234
409820101224
2988201012144
4128201012264
4125201012234
408220101274
2690201012154
410920101294
4110201012114
4131201012284
4126201012234
4039201012264
4113201012154
4111201012124
3929201012104
4062201012254
4124201012234
4121201012224
417720111124
417320111104
41682011194
419420111234
418520111154
417420111104
418320111144
418020111134
417520111124
385120111224
352520111264
262720111254
316720111244
393020111164
89720111173
418920111194
418420111154
313820111124
41712011194
417920111134
421320112114
422220112174
32182011214
35862011294
36792011294
42032011294
41982011214
415220112114
41992011224
422120112174
421920112144
42062011274
421220112114
42042011274
316320112174
41352011274
54520112173
419620111294
42102011284
38322011294
4136201012304
41592011184
41692011194
41512011134
41552011164
37122011134
41492011134
4134201012294
4068201012304
41502011134
41432011114
4130201012284
31242011164
41072011194
41602011184
4138201012304
41582011184
30352011124
41482011124
41442011114
42772011424
427020113254
330920113294
37802011484
42882011484
42832011424
42812011424
358720114104
426820113244
42942011494
42842011434
426520113234
427120113264
42822011424
3264201611244
42932011494
429620114104
41762011444
427220113264
42912011484
372720112234
381620112234
107520112234
39692011324
423120112234
423620112274
196820112234
423020112234
423820112274
422620112204
420020112204
422020112174
423920112274
2513201611244
327420112234
423220112234
423520112274
422320112184
424020112274
391920112234
42532011374
36812011354
363020113114
38442011324
42492011364
412720113144
153120113224
42482011364
338620113184
403520113234
345420113224
113820113144
322420113224
330020113234
42432011344
426320113204
345220113224
414520113144
42502011364
234920113224
430120114124
88920114223
299320114144
432020114234
270520114154
431220114184
431420114214
270920114124
431120114184
431620114214
429820114124
430320114134
430920114184
314120114114
430620114154
432120114234
430220114134
429720114114
431520114214
432320114234
338520114244
399120114244
64220114253
433720114274
433520114274
432420114244
433320114264
432720114244
433120114254
433820114284
433020114254
432820114244
432920114244
431820114234
394320114254
431920114234
428720114264
433420114264
431720114234
433220114254
359120115214
437120115174
437320115214
436320115124
397420115114
404920115144
390420115214
437520115214
437420115214
436420115124
270720115214
436120115114
437620115214
43542011594
437220115184
436220115124
435920115114
350820115144
435820115114
325120115114
243820115304
377420115274
438820115264
439520115264
306620115264
269120115274
439120115254
439220115254
439820115274
438420115234
438720115244
438220115224
429220115284
438320115224
435120115284
440520115284
438920115254
440020115284
438120115224
438520115234
33352011544
38782011564
43482011544
433920114294
43432011524
39132011544
309220114304
43462011524
36772011564
43422011524
38272011564
40702011564
43522011564
9262011543
26022011514
43552011594
43402011514
25572011574
35402011564
41192011574
33452011674
37952011674
441020115304
440920115304
44282011654
44152011614
32932011654
440720115304
44272011654
441320115314
44192011624
36162011674
440820115304
27342011664
441220115314
30512011634
44292011654
360020115304
43362011634
21272011674
444420116154
445120116164
44312011674
236220116144
444520116154
443420116124
35620116193
249320116144
444820116164
444220116154
445620116194
445320116164
283920116144
427520116144
411720116154
443920116154
445720116194
443720116144
376020116194
44322011684
382420116194
434920116254
354520116274
447120116254
357520116244
446820116244
198220116224
4060201611244
444620116234
446420116234
395320116214
202620116244
380020116214
446220116214
446120116214
439020116244
446620116244
446720116244
447420116274
324020116244
22862011774
28762011724
44912011724
447820116284
45022011774
31492011714
44962011774
1612011723
26172011724
29702011784
45002011774
44982011774
448220116294
44952011774
44872011724
448120116284
447720116284
447620116284
44972011774
448320116294
41142011784
306320117114
451120117104
451720117114
451820117114
45072011794
352120117114
45042011784
39942011784
451520117114
40512011784
45082011794
300120117134
250620117114
264820117114
450920117104
451220117114
451020117104
148220117114
245720117114
455020117304
397820117254
39572011834
454520117274
237020117294
455120117304
454820117294
438620117254
45552011844
45542011824
16122011824
408720117264
33122011854
44922011824
45572011854
11372011864
45532011824
4482011833
159120117304
454220117254
457420118134
457520118134
204920118134
227220118194
458320118174
458720118194
50020118153
362020118164
390920118164
416420118134
458420118174
458620118184
457820118154
422420118164
457320118124
457920118154
398320118174
458820118194
458120118154
359720118124
325220117174
308620117134
442620117134
452620117164
453920117244
453820117224
452820117184
453620117214
452720117164
452920117204
323820117204
45920117223
364220117214
453020117204
452520117144
254620117214
453720117214
97820117253
453420117204
454120117244
45682011894
45692011894
457120118104
45652011884
42552011884
346020118104
349920118104
45562011864
456420118104
283820118124
45582011884
45592011864
37502011884
38582011894
45662011894
10882011894
45622011884
44692011884
37882011894
41702011894
345520118224
360620118254
459520118224
244820118244
31720118223
460320118254
78620118293
440320118274
446020118274
460420118254
434420118264
378320118224
369320118244
302620118224
460120118254
377320118274
459220118224
459420118224
391120118274
460220118254
464220119284
262320119204
372520119244
314020119234
258220119304
347420119204
387220119244
292820119204
464020119264
463820119264
463920119264
320520119234
463420119204
196420119204
201920119204
464520119304
403220119224
386720119274
463220119184
346520119244
36402011994
323320119104
46222011994
301020119104
129920119114
462620119134
426720119124
374420119174
463020119174
5572011953
6902011963
462420119114
103920119134
211620119174
35282011964
449020119154
98020119113
449420119124
230720119144
289820119164
460720118304
449320118314
46152011944
461020118314
369620118294
38602011914
46202011944
44012011944
46142011944
34812011914
23092011944
27782011914
460820118304
46172011944
46112011914
20382011914
46192011944
46132011914
46162011944
460920118314
4664201110134
4681201110244
4682201110244
4672201110184
4667201110164
4677201110194
4675201110194
1146201110244
3829201110194
1431201110244
4674201110194
1030201110244
4290201110144
4669201110164
4670201110164
4678201110194
4668201110164
4676201110194
4666201110134
4040201110194
381420119304
465020111024
381520111084
465120111034
293120111074
91201110132
465620111054
464920111024
121020111094
214520111074
464720119304
453120111084
458220111084
462920111084
362820111044
363920111024
465420111054
464820111024
465520111054
4661201110114
468920111124
4501201110314
308320111124
4685201110274
469920111164
4535201110284
4197201110264
4596201110274
114720111134
53020111143
469120111144
2925201110304
469220111144
4019201110274
3255201110274
469820111154
3678201110244
420220111164
3689201110244
469420111154
4706201111104
4717201111174
4707201111104
1401201111134
470120111174
3502201111154
1658201111114
4705201111104
3912201111134
330120111174
4711201111174
4716201111174
470320111174
423720111184
264320111174
470220111174
308720111184
404720111174
4710201111154
4718201111174
4686201111184
2746201111234
4720201111184
2896201111234
3958201111244
1839201111194
4276201111204
4727201111204
2517201111204
4713201111174
4726201111204
4715201111174
4600201111204
4728201111224
4732201111244
4735201111244
4455201111214
4725201111184
4714201111174
3778201111184
4775201112174
4216201112134
4771201112174
4781201112204
4776201112174
4214201112114
948201112173
3955201112114
476520111294
476320111274
4767201112154
476220111274
3965201112184
2954201112134
476120111274
3948201112194
4779201112194
3590201112184
4778201112194
4774201112174
3688201112294
4792201112294
4795201112294
1846201112214
4788201112234
4783201112214
4769201112214
4793201112294
4780201112204
3922201112254
4791201112244
4186201112214
4789201112244
4262201112214
3874201112274
4790201112254
4786201112264
4796201112294
4785201112214
4784201112214
279020111264
4738201111264
249120111274
474820111224
474720111224
4440201111304
474620111214
15220111273
3080201111264
475920111264
383320111254
445920111274
475020111254
475420111254
466020111274
475820111254
3225201111244
4741201111264
82420111273
208220111214
486020121164
486920121204
485820121164
486620121174
485720121164
486720121174
487020121214
485920121164
485420121164
485320121154
31120121293
168720121294
424620121204
486220121164
325320121294
330620121294
483920121164
486120121164
486420121164
485020121134
48362012174
48312012154
43792012154
33882012194
484320121114
48192012134
48382012174
48342012164
48262012134
48202012134
484620121124
306120121134
38122012174
48402012174
343720121124
484520121124
48072012164
287120121114
485120121134
48322012154
49012012214
42252012244
27352012254
48992012214
48952012214
48972012214
48932012214
38712012244
39012012214
47662012214
49112012274
475620121314
41082012234
49102012264
49082012244
49072012244
46312012274
48372012274
48652012244
49042012244
488020121294
488420121294
488920121314
386520121294
487820121294
488520121304
487320121294
487720121294
487620121294
318020121294
487420121294
489020121314
487920121294
488720121304
487220121294
487520121294
488320121294
291220121294
488620121304
488220121294
4803201112314
3191201112314
48242012134
46902012124
48232012134
48152012124
4787201112304
48082012124
4797201112304
4805201112314
48212012134
48112012124
48132012124
4799201112314
4802201112314
48102012124
48222012134
48012012114
3511201112314
48182012124
466220122164
39342012284
30842012284
493220122164
493520122164
447520122174
310820122144
329620122174
43920122113
376820122104
492720122134
492220122114
492620122124
48272012284
413320122104
493920122184
41422012274
49182012294
492520122124
352020122164
452220122264
494120122184
49562012314
494720122234
402020122284
482820122234
292220122184
420720122284
494520122234
299820122184
136720122194
494620122234
494320122204
493820122184
274220122234
493720122184
495320122284
425920122234
494420122204
495020122284
424120123134
49662012374
430020123104
49582012324
28422012384
446320123104
497120123104
46972012354
3892012353
488820123134
491320123134
496820123104
361720123104
44382012364
49642012364
10762012374
46832012394
496920123104
49572012324
49552012314
293920123164
490620123134
498820123184
497420123134
498520123184
498420123154
468420123194
209520123194
498720123184
497820123134
499320123194
368020123194
498120123134
497320123134
221620123264
319320123274
451420123184
498620123184
408520123184
497920123134
385420124104
50032012424
500020123304
50112012454
50092012434
50022012414
499720123274
299120124104
36132012454
50082012434
49332012454
319720124104
50062012424
43972012424
50042012424
50132012494
436020123274
50102012434
50072012434
499920123274
312320124124
502020124114
422720124164
480620124184
168620124114
501920124104
502620124154
503620124184
503820124184
503520124184
502720124154
502120124114
493620124164
502920124164
500120124164
144720124184
502520124154
501720124104
383020124164
503120124164
45162012534
49722012564
465220125144
506320124304
385520125144
5872012583
43652012514
19182012584
50682012514
460620125124
475320125154
507720125154
506020124304
507620125154
50662012514
50702012564
34902012564
41672012564
44332012564
50722012564
415720124224
504720124244
506120124304
505520124274
505020124244
505220124244
505920124274
474020124244
61820124223
505620124274
505320124244
504120124194
504320124224
505120124244
436620124244
504620124244
80220124233
504220124194
472220124304
497620124194
320920126134
44520126103
50952012664
475720126134
23722012654
486820126134
510420126134
48092012684
510520126134
50972012674
510220126104
50982012674
50922012654
45052012674
50962012664
42112012684
44412012684
271720126104
50942012654
50912012654
507520125154
507820125164
314720125274
508820125294
411220125164
489420125184
293220125284
384620125264
37420125183
161120125224
481420125214
355420125214
489220125184
508220125214
482920125214
508020125184
508620125314
508720125284
508520125254
365720125224
227620126284
4949201611244
511320126244
310620126204
511620126254
51222012764
510720126174
396820126224
508320126294
369020126264
511020126204
250720126264
51212012744
45522012714
510320126134
510620126174
511420126244
426020126264
511520126244
454920126204
321920127284
494820127304
217420127314
513620127284
29682012834
514420127314
41782012834
513820127304
267320127264
514520127314
323420127304
298920127314
513720127294
51462012814
410220127274
51482012814
48562012884
513420127304
38042012854
51532012884
483320127184
404220127154
273620127204
86620127153
206020127154
42732012784
440420127204
512420127124
313620127204
380620127254
513320127254
284120127214
358120127124
513120127134
451920127204
238820127264
51252012784
513020127124
495420127114
23432012784
343620128304
372920128234
515420128104
516020128204
473120128264
511720128304
516520128304
442020128144
479420128104
418820128204
516320128214
321320128134
511120128254
516420128254
495920128164
48352012884
492920128104
515620128104
515820128164
418220128164
395920129124
28682012954
410020129124
477320129174
51662012924
517120129104
51672012934
370620129144
349620129214
517220129104
517320129114
39162012954
457720129124
33602012914
30402012914
395620129214
40312012914
51702012974
51512012914
339620128304
312820121144
1826201211194
413920121124
5224201211174
3741201210314
5217201210314
4544201210314
428520121144
5197201211124
5231201211214
521820121124
3838201211124
5022201211154
3875201211214
371320121184
4798201211194
5230201211214
430720121144
480020121134
4998201211124
518620121064
457220121014
3394201210124
297920121054
4228201210124
430820129234
473420129234
377620121074
518720121074
518120121014
392820121044
70820129283
138120121044
518420121054
517720129214
444320121074
459920129264
451320121074
369820121094
466520121074
5211201210244
3979201210304
5206201210234
5209201210234
3743201210304
4470201210264
3021201210314
4242201210264
3522201210264
3823201210264
4848201210314
225201210303
5215201210304
5212201210244
5207201210234
4002201210264
5189201210244
5213201210304
5214201210304
5204201210234
5099201210174
592201210233
5190201210124
5195201210134
4396201210174
5067201210124
5201201210224
5202201210224
4967201210154
3633201210224
4695201210224
5194201210134
253201210173
5192201210134
2042201210174
2046201210174
5193201210134
4452201210224
5200201210224
5191201210124
525720121254
5139201211254
5245201211294
525120121214
525520121244
4208201211284
5229201211214
477220121244
5247201211304
3039201211274
524920121214
5232201211234
5210201211224
525320121244
3363201211234
524820121214
5236201211244
94520121253
525020121214
3116201211274
525920121254
525620121254
5280201212214
3517201212114
3796201212114
4744201212214
5274201212124
5275201212124
5272201212124
5276201212134
5278201212164
1927201212114
2777201212204
5039201212114
526520121274
526720121284
526220121274
417220121274
376720121274
526620121284
5295201212304
5291201212274
5294201212274
5058201212274
50652013114
3790201212254
5285201212254
5057201212274
5284201212254
5287201212254
5071201212274
3781201212254
3515201212254
5178201212284
32952013134
36752013134
5290201212264
52962013134
3987201212254
5286201212254
53512013334
424720132164
534320132234
460520132284
416320132234
130320132144
53502013314
532620132244
534520132284
534020132214
53492013314
320620132204
534820132284
533620132154
534420132254
514920132164
533920132194
533720132174
533820132194
520820132134
412320131104
37482013144
47420131223
530520131104
52992013154
52792013194
439320131144
530620131104
53022013174
501220131194
522220131224
33972013164
358520131104
531220131194
53032013194
384520131104
530820131134
491420131144
531420131204
531120131194
542520134274
542620134274
543020134294
508420134254
52412013514
542420134264
389220134274
542820134284
542320134254
542720134274
461220134244
541920134224
431020134254
453220134234
543220134294
357020134274
52392013514
46792013514
533220134304
543320134304
537820133254
538020133284
356420133264
537620133254
459120133244
332320133254
53842013414
441820133254
53832013414
305720133254
262220133244
53862013414
537720133254
37522013454
38882013454
502820133284
537520133244
538220133314
53852013414
538120133314
531920131284
531620131224
31522013244
531520131224
437820131234
53252013244
472120132124
532220131284
53302013254
52342013254
532420131314
206320131264
53312013254
532320131304
13922013254
304220131314
343320131284
411520132124
51822013264
402420131234
540220134174
343420134164
53902013464
450320134174
540020134154
539520134124
53882013454
186520134144
494220134184
512020134134
539820134144
540120134164
309720134124
539320134104
462520134124
43132013454
53912013464
421520134104
540320134174
539720134144
415320133184
53562013344
53552013344
436920133154
536420133104
536320133104
43942013344
514020133204
536020133104
477720133184
537120133204
393720133144
53582013384
122120133154
53522013344
419320133144
36152013334
384120133154
317520133204
536620133154
541320134224
540720134184
540620134184
395220134184
540420134184
408920134194
373120134194
540820134184
541520134224
540920134194
138420134224
541720134224
542120134224
541620134224
475520134184
486320134214
542020134224
541020134204
541120134204
522520134204
545720135164
547220135244
544620135174
401720135174
545920135164
547120135244
545820135164
546520135224
546620135224
3176201611244
470820135204
546320135204
533420135224
401120135224
546920135224
373520135234
546220135194
179820135174
546720135224
402220135224
518520135144
54482013584
54362013514
54442013554
533320135114
50402013564
183020135104
474320135164
54352013514
25442013544
54392013514
19382013584
545020135104
54382013514
52972013514
545420135164
545520135164
545220135134
528120135104
544920135104
54892013624
539220135294
54852013624
502320135314
547720135274
36462013634
547420135244
46332013634
47452013634
54942013634
49892013634
360720135294
547920135294
54932013634
343220135274
54862013624
54822013614
548020135294
50732013634
54832013614
551520136224
551620136224
552520136294
51612013734
552220136264
551420136244
55282013734
550820136174
46532013734
49912013734
55332013734
551720136224
552020136244
550920136174
551220136214
552120136244
55302013734
552320136264
551920136234
551820136254
55002013684
530420136134
54922013634
20592013634
43992013674
41162013674
550320136104
37632013684
19142013674
550420136104
376220136124
45902013674
54902013634
54972013674
386220136154
53092013684
550520136124
383720136164
46212013684
51262013684
347020137104
211920137104
491720137104
55322013734
55382013754
55372013754
51572013774
380220137104
55352013744
44862013784
55432013794
554820137104
53942013734
28302013774
9412013743
55402013774
53072013744
55342013744
54702013774
55362013744
459820137254
556720137214
536220137254
558020137274
544020137254
557320137254
556820137214
556920137224
556620137214
546820137224
557220137244
557620137264
557020137234
556420137214
557720137264
532720137214
557920137274
374620137254
416220137214
557120137234
556020137184
551120137124
555720137184
505420137204
555520137184
249020137214
465820137184
555220137164
555320137164
554720137104
554420137104
544120137174
412020137174
140320137174
198020137214
555020137144
518320137154
554920137134
554620137104
142820137214
561120138144
561520138144
549820138214
452020138174
562420138194
562820138214
386920138224
561620138144
561820138154
561220138144
561920138154
561320138144
562220138194
404620138134
562020138164
563020138214
562320138194
561420138144
562620138204
562720138204
55992013894
560820138114
55952013884
56042013894
48162013894
55932013884
55902013884
44162013884
51502013894
56032013894
55982013894
55962013884
55912013884
55942013884
44722013884
560720138114
560520138104
161920138134
560620138104
56022013894
41052013944
44222013944
56542013934
564220138284
563220138234
563620138234
563320138234
563420138234
563120138224
565120138314
318920138244
565020138314
563820138234
564720138304
564920138304
564520138294
564420138294
56532013934
564120138284
563720138234
52642013844
23992013854
53692013824
55872013834
53182013824
54602013854
55862013834
55822013824
55842013824
303420137284
428620137294
335820137284
53592013854
50742013824
55102013834
55852013834
501420137284
557820137274
53612013854
337720137274
323520139174
342720139254
567820139234
531020139244
567720139204
514320139154
567420139174
567220139144
375820139254
418120139154
529220139254
567520139174
542920139254
295720139194
445820139184
566920139254
567920139254
412920139194
133120139264
452320139164
560020139134
56592013984
567120139134
566620139104
56652013994
55292013964
357920139104
55452013984
56612013984
56582013984
490220139134
179220139144
566720139104
550120139124
39892013964
51802013994
566820139124
56642013994
56572013964
134620139134
569720131044
5703201310124
5710201310164
3334201310174
5701201310104
569420131044
570020131064
5702201310104
5705201310134
278020131054
5711201310174
5581201310174
371920131044
521920131054
5240201310164
506920131044
5708201310154
5704201310124
5081201310174
5271201310114
568320139264
399620131014
568920131014
277420131014
568820131014
100220131024
568720131014
569020131014
568120139264
568420139274
539920139264
402620139264
568020139264
569120131024
504520139264
487120131014
249420131034
568220139264
379820131044
385720131044
2446201311144
5747201311144
5746201311114
561720131124
470920131124
564620131174
5365201310314
528320131184
5748201311144
5656201310314
371620131164
4849201310314
516920131164
574420131184
5422201311144
535720131164
4597201310304
5188201310314
573920131184
574320131194
5741201310264
4195201310194
5735201310244
5714201310194
5727201310224
5254201310194
678201310283
5725201310214
3181201310214
5298201310234
5724201310204
5740201310264
5718201310204
1881201310204
4156201310224
5726201310214
5742201310274
5734201310244
5722201310204
5721201310204
5757201311204
5758201311204
5226201311234
5764201311224
5765201311224
5761201311214
4940201311244
5760201311214
5263201311204
4245201311154
5750201311164
5749201311164
5767201311224
5763201311224
5766201311224
5751201311164
222201311203
5756201311194
5152201311174
5755201311194
5781201311294
464320131254
5778201311284
579520131234
5776201311284
5783201311304
5789201311304
5790201311304
4561201311274
430420131244
5770201311264
579420131214
5777201311284
579320131214
5769201311274
2844201311284
579220131214
5780201311294
5784201311304
5779201311294
584114144
4079201312244
583614124
583314124
5640201312234
3610201312254
5823201312254
5827201312284
583414124
5830201312294
583214124
4961201312244
583514124
5828201312294
5829201312294
193714134
2497201312274
583714124
583114124
5826201312274
580120131284
4560201312134
5819201312224
3484201312204
4435201312164
4266201312204
5809201312134
5811201312134
5810201312134
413220131284
5821201312234
5815201312174
5817201312174
434520131284
5807201312114
5812201312134
173920131284
580020131254
5786201312104
4646201312134
3710141184
5062141184
5093141224
5864141194
5857141174
5861141194
4264141224
5242141224
2334201611244
5865141194
5447141244
4898141174
5840141224
5860141194
5868141204
5597141224
5862141194
4687141194
4251141244
5872141244
583914144
5848141104
5854141154
5524141124
4570141114
5847141104
584414174
5855141164
3779141134
5856141164
584514174
5589141104
299514194
5853141154
584314174
3999141144
4274141114
5852141134
4165141114
314314174
5887142144
5889142154
5475141274
587814214
4627141304
5888142154
588314284
5892142194
382114254
5886142124
587914224
5373141294
5686142194
5893142194
5876141274
5885142104
3889141304
5884142104
5897142234
5237141304
5905142274
5565142244
524314374
539614374
424414344
548114314
5896142234
5906142284
5900142254
591214384
5904142264
5655142244
5903142264
87314393
375614394
5901142254
591114364
441114314
517514334
5141142254
3692143104
4059143104
5916143114
5926143174
2154143144
5921143144
5915143114
5554143114
5923143164
5914143104
3462143154
2096143124
5917143124
5803143144
2660143124
591314394
5919143134
5118143134
5924143164
5918143134
5929143184
5948143264
5928143174
5942143234
5937143204
5101143264
340143233
5949143264
4447143184
5946143244
5940143214
2551143224
5930143184
5943143234
4258143224
5932143184
1673143224
5935143194
4576143234
5806143264
5994144184
4484144154
5347144294
5588144174
3464144234
5988144134
5934144134
1600144234
5895144134
5822144174
5037144124
5220144144
5995144184
5989144144
5609144184
4659144254
5991144144
5999144254
5987144284
5374144254
580214464
397214464
584614474
597714424
5984144104
598014474
597314414
597214414
597514414
530014424
598114474
298714484
598214494
5985144104
517614424
597414414
903144123
271014494
5986201611244
598314494
5730143284
5952143274
5527143274
5961143294
5965143304
5963143294
2068201611244
597614414
5955143284
5957143284
5969143314
3980143284
5954143284
4924143304
5962143294
5959143294
4975143284
5964143294
5968143314
5966143304
8114552
601514594
6019145114
6003144304
599614524
6006144304
6024145174
6004144304
5221145164
382814574
600114594
601014544
4970145104
600814514
6005144304
254145143
247914584
6023145144
6018145114
5443145114
5135146144
6058146264
6061146274
6055146244
6048146144
5898146184
3000146154
6049146154
6047146104
6027146154
5818146254
5513146264
5663146224
6050146154
6062146274
6056146264
6057146264
367114684
5877146124
6052146174
4033145184
2895145184
5461145274
6026145184
5016145264
5662145224
6035145254
6025145184
5389145194
5558145264
6034145234
604614644
6029145214
427914614
5902145304
555614644
4479145274
6030145214
381814654
6037145264
469314784
443614784
607614754
429914724
575414774
4916146304
6067146294
412214774
6070146294
6065146294
4977146284
589414734
607314744
6066146294
385014734
607814774
6069146294
607514744
604014724
607214714
3723147264
5713147304
4623147234
4006147204
5891147304
6012147304
6115147304
6064147254
3714147244
6106147254
5979147244
5990147244
4104147284
6099147214
2518147254
4770147304
6021147224
6109147254
6100147224
6107147254
5379148184
6146148194
3873148164
6135148164
3893148134
4847148154
4712148144
6132148154
6149148204
6113148154
6151148204
6139148184
6134148154
6059148194
6133148154
6144148194
6141148184
6137148174
5484148124
6136148164
6089147124
3173147184
6084147114
600714794
3702147174
6096147174
599214794
5712147144
608114794
5635147174
3237147184
6086147114
6091147154
5676147124
603914784
6085147114
6098147194
3203147164
6082147104
6088147124
612014814
611714814
579714844
612614844
612814854
406714824
612514844
600914844
611914814
612114834
613114894
523814864
1219148114
5707148114
385214814
611814814
6116147314
6114147304
612314844
5693148114
6174148284
483014914
6180148294
5716148304
6179148294
5244148294
6182148304
6178148294
6181148294
6184148304
6177148284
4663148294
6185148304
6171148274
6173148284
6170148284
6110148304
6183148304
5495148284
5652148294
3717148224
6155148224
6161148234
6158148234
6156148224
6166148264
5909148234
6153148214
6148148204
6152148214
6157148234
6168148274
6163148254
6167148264
6159148234
6165148254
6162148254
6111148214
5863148254
6164148254
619514944
597014944
618614914
5745149114
619114934
579114984
618814924
618714924
577414994
587514924
4078149104
6207149104
361814994
620014964
619314934
488114934
620114964
616014924
5506149114
365114974
3754149184
6218149184
3626149154
4896149194
6215149144
357149233
6224149224
5387149254
5723149194
6210149134
6230149294
3200149264
6138149264
6211149134
6227149234
5583149154
6225149224
5199149224
5203149294
6220149194
1702141184
6259141184
62451410184
5971410213
36621411134
57281410234
57371410204
43471411104
15441410314
61301411104
22001410284
62551410304
4007141174
60111410314
43701410254
32731411154
62441410184
41181410194
62521410254
32561410234
46441410134
40961410104
62391410164
62381410134
18441410114
4187141074
62411410174
47371410114
60951410144
6236141084
6233141054
38431410154
2927141044
50441410154
62421410184
2910149304
6231141024
6232141054
6235141084
49951410164
62751411264
62641411174
38081411194
58491411254
62721411254
33271411294
35481411294
62711411214
61051411294
60511411204
21051411274
58201411184
40711411304
62691411204
5945141234
62621411174
59531411304
62631411174
34561411284
30121411254
53461412244
62871412214
62911412264
6280141264
5551141284
31851412164
62501412254
3882141244
57291412104
5127141264
62811412164
42181412204
62921412264
60381412234
59221412204
60971412204
23361412154
62841412174
55071412174
49121412244
63052015164
45332015164
49902015174
63102015194
62991412304
63092015164
57882015114
63032015134
48251412274
63112015194
51962015174
62981412304
63042015144
63022015114
63012015114
46281412304
48412015184
63072015164
60682015184
502420151264
63372015234
53282015254
63432015254
63342015224
63332015224
32902015234
61892015234
63362015234
484220151284
54872015214
38052015234
63412015244
41912015214
45432015214
63422015254
63382015244
63402015244
458020151284
60322015254
604220151124
632820151214
631820151184
499420151184
427820151234
575920151104
632520151214
633220151254
625320151104
631520151124
632220151194
350720151124
632620151214
632420151204
339120151114
603620151214
436720151194
318420151184
535420151234
580820151224
52352015284
540520152104
62702015284
58732015294
635420152114
635720152114
30892015264
63452015264
625720152154
63512015294
529320152114
62942015264
51002015264
63462015264
63442015264
569920152114
590820152174
620520152204
63472015264
635320152114
62762015314
63782015354
334920152254
391720152234
63812015354
63722015334
31462015364
265720152274
636520152244
63772015354
60712015364
409420152244
63742015334
63792015354
40162015374
527720152254
63692015334
617220152224
63682015324
594420152234
639120153164
639220153164
224120153124
55022015384
635020153204
639920153204
49822015394
639320153174
636320153144
341520153214
448820153254
384020153204
639620153184
595120153224
640420153214
602220153224
638520153124
639420153184
541820153214
367320153224
554220154114
64172015414
641020153284
585820153264
60412015454
642620154134
637020154104
329720154114
45892015494
64212015434
625620153274
59312015494
396420153304
532120153264
641220153284
64202015434
64182015414
641520153294
528820153314
640920153284
584220154184
435020154174
570920154144
643720154224
643020154194
642820154164
643120154194
612720154174
501820154234
642920154184
588220154184
643920154224
642720154144
492320154244
476820154154
446520154194
643620154224
425220154234
373620154184
643820154224
644620154294
64572015564
64622015574
63212015514
64512015514
50052015564
644520154294
64632015584
644420154274
513220154284
36872015564
645020154304
64602015574
644320154274
48912015534
64582015564
63642015534
64552015534
644720154294
64612015574
61422015594
545620155174
647620155144
409120155104
646920155124
63662015584
549620155154
648020155164
646620155104
647520155144
647320155144
646520155104
647120155134
515520155104
601420155144
646820155104
305820155124
647020155124
647420155144
324920155124
65262015794
65272015794
65242015764
630020156274
65282015794
619420156284
506420156274
47042015714
63562015744
57172015714
651720156234
646420156284
65252015764
12392015764
652120156244
651820156234
395020156224
67420156203
54342015794
512320156264
648220155194
648620155204
648420155194
562520155204
570620155204
649520155284
64232015614
65002015614
437720155274
612220155234
638420155294
648720155204
491920155204
649220155264
334020155244
648520155204
648820155224
648320155194
576220155224
442420155224
567020156124
28572015674
51792015644
59782015644
6507201611244
65012015624
64972015614
64982015614
17422015644
651220156194
53702015654
64992015614
6508201611244
533520156124
651120156194
588020156114
622320156204
43412015664
62672015664
384220156134
496020157294
619720157204
572020157274
653420157204
653220157144
653120157144
426920157244
65452015824
653020157144
633020157164
60792015814
65412015814
653620157214
323020157164
39102015824
653820157314
65472015824
534120157184
654020157314
65462015824
63272015874
5622015853
624620158164
442320158144
599720158174
637520158134
600020158144
337820158144
57522015874
64222015874
631220158144
65432015824
655020158134
65482015834
385620158144
65442015824
57962015874
65422015824
396120158114
648920158184
522320159214
630820159214
621720159154
642520159214
631620159154
382020159214
657920159214
610120159154
657820159184
658120159214
657320159124
454720159204
279720159214
657520159124
657720159154
657420159124
567320159124
652220159174
475220159184
473620159154
386620158214
655520158184
503420158214
656020158284
2592015973
522820158264
63762015994
534220158264
28542015974
65592015934
656120158294
609220158304
31722015914
44892015944
62862015974
62832015944
657220159104
237720158244
52822015984
655820158214
389520151014
6594201510114
514720159284
656720151084
658320159244
631420159244
658420159244
396720159244
6403201510104
317820151054
649120159234
593920151034
658820151034
40920151083
222520159234
188220151084
609420151084
324320151024
190920159234
658620151014
202420151134
3813201611244
6590201510264
4217201510264
5660201510274
318320151134
6605201510214
6610201510314
661520151124
6611201510314
6608201510294
661320151124
6606201510284
4855201510284
5368201510294
6607201510294
2821201510254
4353201510244
6221201510294
5753201510244
6442201510214
4325201510164
6494201510204
6604201510204
6596201510114
5719201510144
6226201510144
276201510123
4934201510194
6602201510204
4764201510204
4782201510134
6277201510174
6295201510204
5329201510174
6260201510214
6087201510134
6603201510204
5910201510174
5736201510174
629320151214
3660201512174
6637201512154
651520151214
315020151294
663020151214
5216201511294
5772201511244
515920151274
3435201511294
663220151214
6266201512194
6627201511284
663620151294
663420151264
6552201512134
627920151274
392520151234
6398201511274
2942201512114
6222201511224
4289201511194
3330201511164
420920151154
348920151154
5960201511164
661620151154
5936201511204
3636201511164
3632201511104
6622201511214
6623201511214
4749201511204
6213201511154
661820151194
628920151144
6564201511204
3314201511194
601320151154
6620201511194
514220161194
665320161144
657620161194
665420161194
39262016194
29320161153
665220161134
592720161154
34682016194
402320161134
665620161234
665720161234
57852016194
665020161144
50220161163
42562016174
610820161124
562920161144
63172016174
65142016174
490320161294
665920161314
328420162134
666120162154
662920161264
665520161234
661220162164
656820162134
236420162134
491520162174
448020162154
665820161304
544520162134
420120162134
644820162124
381720161314
651620161304
432620162104
368220162184
197220162194
6290201512264
6635201512264
6591201512294
6646201512314
6640201512204
975201512263
3737201512294
5715201512224
4700201512264
6644201512294
787201512283
2531201512294
5958201512264
5442201512224
3739201512254
6580201512254
49302016144
6016201512264
57822016144
64792016144
467320163284
660020163304
17652016414
65952016444
312120163224
51682016474
59332016474
66742016474
667820164144
393620164114
56392016464
419220163254
450620163214
66752016484
65492016414
36372016494
658220163294
666720163234
640720164134
66762016494
346320162224
626120163184
54142016374
386820163114
503220163184
24492016384
619620162274
63822016374
119920163124
603120162264
63882016324
499220163104
159420163184
34282016314
587420163184
637120163104
318220163184
66092016384
476020163184
614720163174
662420164294
634920165134
54122016534
590720165114
668220164234
653520165134
611220165114
45212016514
391520164184
635920165114
197720165154
64722016514
668320164264
659320165114
527320165114
667920164154
406320164154
326920165164
604420164164
668020164164
39452016634
670020165314
6708201611244
61762016664
64192016634
36042016674
669820165304
51742016674
620820166144
32212016684
671520166134
31642016684
671020166114
669920165304
40952016624
61242016684
50302016624
44062016624
671220166114
66692016624
585020165304
31820165273
661920165224
556320165224
643220165234
208820165244
66420165243
359220165304
587120165284
229620165274
507920165244
241720165204
559220165244
649020165234
543120165274
666220165214
357420165244
475120165294
661720165284
624820165214
67012016754
389920167144
41662016714
537220167114
60172016794
36632016724
471920167134
67262016734
67022016734
442120167114
51082016774
67272016744
67282016774
29672016784
6509201611244
66422016714
364120167144
52692016754
645220167144
66942016784
643520166174
402520166244
672020166214
650620166254
316920166164
609020166164
672220166254
621420166194
666820166164
671720166164
327720166194
672120166234
672320166274
535320166234
66212016714
655720166274
284520166234
530120166274
672420166274
600220166234
57312016884
67492016884
632020168114
67462016824
67452016824
67482016874
675320168114
66852016834
645420168124
67502016884
61402016844
57322016844
67472016874
64062016874
675420168124
64772016874
63802016814
62432016844
45462016884
675220168104
673720167204
45820167223
673620167174
367620167214
674120167304
674020167214
673820167204
673320167154
454020167174
144620167194
653320167194
468020167304
673520167164
673120167154
308820167184
673420167164
603320167224
52582016814
436820167254
627820167304
675720168164
485220168224
641620168174
675520168134
449920168254
676420168234
525220168174
531320168144
625120168214
580420168134
675620168134
676920168274
619020168224
676620168244
676120168214
675820168184
6510201611244
631320168294
589020168134
656520168164
677020168314
629720168304
40132016954
637320168304
28662016944
67792016984
67742016954
67772016964
67072016924
36722016964
37592016934
55412016964
63392016964
67752016964
67762016964
66142016954
50332016944
16992016984
630620168314
67782016964
605420169204
186120169144
597120169114
262120169224
676720169144
666420169164
625820169134
609320169114
408020169134
55622016994
664820169144
315320169164
408420169144
658520169184
620920169194
116220169184
585120169204
580520169174
636020169194
678020169154
671320161044
644920169294
169420161054
302520161024
394720169294
659920161054
202120161084
445020161064
594120161094
314520169294
662520169304
673220169304
377520161054
172420169294
668720161084
673920161084
650420169304
403820161054
339820161014
511220161054
669220169254
627320169264
520520169234
419020169254
638920169224
662620169264
668920169264
408320169294
671820169234
632320169274
369920169274
2779201611244
607720169254
573820169264
390820169244
668120169254
678620169244
678520169234
644120169234
663320169224
365320171244
370320171244
463620171224
445420171194
371820171184
296620171234
676520171244
490520171224
676220171214
501520171214
556120171214
7120171212
578720171214
614320171214
666620171214
687120171194
465720171214
612920171214
80020171243
675920171194
6505201610134
4161201610104
3381201610104
6802201610104
6801201610104
469620161094
5768201610124
6805201610114
3529201610104
6797201610114
6804201610114
5478201610104
6169201610104
6803201610104
526020161094
3861201610134
4739201610124
6806201610124
239720161094
409920161094
3199201704
3601201704
2885201704
6829201704
6872201704
57732017264
3068201704
41472017274
6873201704
60802017274
6352201704
64342017264
62282017264
66632017274
55312017264
43572017264
61992017264
68392017264
656220171304
653920171304
663820171304
676020171304
679020171284
678720171274
617520171294
664120171304
581420171304
499620171244
639720171294
512820171274
54512017224
649620171294
338220171304
631920171274
602020171304
496520171304
293720171294
508920171304
68072017224
32812017244
35842017244
41542017244
49622017244
66772017244
38092017244
64592017244
30722017224
49512017254
49212017224
40302017244
64242017254
67192017254
68642017224
66932017224
35952017244
66312017244
39202017224
64932017254
65192017274
63832017274
